3.286927370203513443e-01
3.288809878441358858e-01
3.254941286488780561e-01
3.230935641322235097e-01
3.206050889456282804e-01
3.197975118357883617e-01
3.157210017503075949e-01
3.121370488562796308e-01
3.130056525853476823e-01
3.136983849798700152e-01
3.143951918933363676e-01
3.158793987545847060e-01
3.242074085264192718e-01
3.308902078328641583e-01
3.361279314988608324e-01
3.392808203590701455e-01
3.422611955216164903e-01
3.442720007477581001e-01
3.391705451145773376e-01
3.375829781025455611e-01
3.311844306771500324e-01
3.266931686801824442e-01
3.262393136555711282e-01
3.244711516176879695e-01
3.282467389364241428e-01
3.289787113210969616e-01
3.347921679669163542e-01
3.424732233328375286e-01
3.403553620519038092e-01
3.427199245413820039e-01
3.338228881534686110e-01
3.227669023199735143e-01
3.235524921786973596e-01
3.240133361530478373e-01
3.333825643562678964e-01
3.435043803024828146e-01
3.444391696458678487e-01
3.475852270208847905e-01
3.393891702529068244e-01
3.272052997128389040e-01
3.211316973955283816e-01
3.180520264729422841e-01
3.239104182505944673e-01
3.321604885278294783e-01
3.439005193103369384e-01
3.523887411758816479e-01
3.513277856141407418e-01
3.503653571549311119e-01
3.357422781630759467e-01
3.235659620096595912e-01
3.103777944432003499e-01
3.012455218823960057e-01
3.024607339280713236e-01
3.041639689099094879e-01
3.160745232027518670e-01
3.279889810859755173e-01
3.416292671292773253e-01
3.545700454350020348e-01
3.606574485710029587e-01
3.657322650003675957e-01
3.661472051591313503e-01
3.662073912509644646e-01
3.654670715721597407e-01
3.653182960417489800e-01
3.646649037983650254e-01
3.640729452730785409e-01
3.626294915177203926e-01
3.619494788596654966e-01
3.601709685947156458e-01
3.597315581734319978e-01
3.617202590315873878e-01
3.633191475246080326e-01
3.618746547450708562e-01
3.616397642006108915e-01
3.623084655467650461e-01
3.624294098530418951e-01
3.630240002044213821e-01
3.651465424822403216e-01
3.682190352337075812e-01
3.686856607812721287e-01
3.682227266564930268e-01
3.682281890373423350e-01
3.696069104128891225e-01
3.706524512279991135e-01
3.699523009231177606e-01
3.687197457461389161e-01
3.679694505120503223e-01
3.670449446871990595e-01
3.674239225290656941e-01
3.671719024314288871e-01
3.643254194772567178e-01
3.615270005109811891e-01
3.588462179573337352e-01
3.552588315259657681e-01
3.530164043054805356e-01
3.498300131793388168e-01
3.482377720049723013e-01
3.483598178002155765e-01
3.473244285831710298e-01
3.481585680744429534e-01
3.492111192272021047e-01
3.514184419329280940e-01
3.509180734665858781e-01
3.499123642656421507e-01
3.519727777586647011e-01
3.549596559851346811e-01
3.577917915081824662e-01
3.595562832956843424e-01
3.608761281334454951e-01
3.620999646506026237e-01
3.656407900274961098e-01
3.677380256615959686e-01
3.685162617534348262e-01
3.691082355072891619e-01
3.685427288991373063e-01
3.679612889623803951e-01
3.614458882806702023e-01
3.594621640776436977e-01
3.466464128812675738e-01
3.383703406256267643e-01
3.257255732273686144e-01
3.149884152685287764e-01
3.057381123168866344e-01
2.984442350983756986e-01
2.994547649799430555e-01
3.014873050390111664e-01
3.095529236909341231e-01
3.190838061713076046e-01
3.301335426046667632e-01
3.411480769192976048e-01
3.515626457124628734e-01
3.620636621420147416e-01
