3.277416084605513369e-01
3.266227838370249770e-01
3.311908625875596979e-01
3.327933709167563703e-01
3.360518826260424641e-01
3.379437257304165332e-01
3.447617968967995883e-01
3.515362911172320026e-01
3.502807803694098499e-01
3.523145190463303211e-01
3.531297193052873595e-01
3.582528181009421719e-01
3.522831488326103044e-01
3.459094790178430245e-01
3.411846157500820209e-01
3.332050280344184823e-01
3.265624826069726816e-01
3.159315534372457157e-01
3.189386732334130725e-01
3.196877318617239450e-01
3.300727865772783431e-01
3.410442236012398709e-01
3.445202085679511250e-01
3.510673836272827919e-01
3.456182484455795345e-01
3.423760756737996847e-01
3.304700465503040974e-01
3.163438204100945117e-01
3.221652939187245046e-01
3.174781781758351795e-01
3.329964560073437885e-01
3.491959028174549395e-01
3.416692750057878092e-01
3.466651854433194235e-01
3.339271208716456663e-01
3.209150724410270161e-01
3.258296823439172929e-01
3.154956375401700708e-01
3.277066766166585876e-01
3.403879801941502858e-01
3.400185581991405637e-01
3.523847377656548208e-01
3.444323191755997438e-01
3.422989113257653981e-01
3.337444407690784431e-01
3.167025500212965472e-01
3.198737576682133543e-01
3.065812583611973174e-01
3.185128323401620887e-01
3.317186055679806622e-01
3.451914874659927079e-01
3.666763828032244543e-01
3.668361463540721346e-01
3.761666504675778566e-01
3.644694440268153035e-01
3.587481521402320350e-01
3.484784547335744720e-01
3.301339747796209201e-01
3.237919919580967698e-01
3.096884265756196242e-01
3.052661847885683177e-01
2.968931749502341511e-01
2.907386050872771688e-01
2.856261345181793643e-01
2.821873707857391333e-01
2.778950090651376437e-01
2.749854249663761796e-01
2.734848959449769357e-01
2.733924129926369462e-01
2.761106302254526246e-01
2.737727756854518302e-01
2.716988626826661868e-01
2.753077727085173065e-01
2.760611926913735803e-01
2.744889906398479407e-01
2.763863980600803072e-01
2.760508330490727413e-01
2.765714696528126515e-01
2.768975836448666628e-01
2.781298974858775752e-01
2.809042273986602778e-01
2.848427663170957636e-01
2.867462982067693900e-01
2.887028597247379702e-01
2.938619124750558864e-01
2.976530588792866139e-01
3.012102383931420380e-01
3.064309168693326035e-01
3.097931269881485372e-01
3.129452974864505022e-01
3.207408908551623861e-01
3.262304172817366288e-01
3.318522531246758667e-01
3.361154021515134205e-01
3.380868605095483370e-01
3.407361385949987942e-01
3.425248589208894634e-01
3.443229062231913939e-01
3.467900063633859720e-01
3.478571785541242356e-01
3.481898163775145050e-01
3.453834077000952907e-01
3.457338023721266973e-01
3.455964399358302797e-01
3.409727615598456829e-01
3.365001964412029922e-01
3.325545685605620361e-01
3.304261205479912533e-01
3.277697970623428825e-01
3.251674845055709251e-01
3.189722086050825189e-01
3.108123748960529009e-01
3.051256542881718437e-01
2.964507477170746919e-01
2.899991220813970538e-01
2.809564826002215465e-01
2.829195594404084746e-01
2.780706515797177758e-01
2.928160806314440978e-01
2.989139164542683469e-01
3.122868045372015344e-01
3.313622898412068585e-01
3.461079646357367867e-01
3.675713418074587069e-01
3.698780643189710227e-01
3.771507631812834327e-01
3.682089225135086186e-01
3.597481076525516630e-01
3.476681818296996629e-01
3.324227080204102958e-01
3.218536277186573313e-01
2.997678612356799999e-01
