3.260094977212024681e-01
3.267455167512810510e-01
3.272417522417603308e-01
3.272940207008108171e-01
3.256277574991044421e-01
3.237275468504128839e-01
3.262490318687290003e-01
3.285738818753400903e-01
3.290808243410833223e-01
3.280288025439117017e-01
3.287206157518272609e-01
3.295316707852574689e-01
3.285032483271072001e-01
3.293542677210863912e-01
3.281067377442521416e-01
3.261908406645944170e-01
3.243059457978565430e-01
3.234212666227075927e-01
3.231471529580195456e-01
3.222102490389774365e-01
3.239078866398660272e-01
3.242635591167640219e-01
3.244223691984750579e-01
3.267878922481523007e-01
3.252105082628525268e-01
3.228733952657033002e-01
3.229580103160739069e-01
3.249527481773590298e-01
3.222898045840406067e-01
3.237015711566091913e-01
3.207669639311548360e-01
3.187478165055280255e-01
3.143102106576214916e-01
3.108546361502128597e-01
3.057135119535043799e-01
3.021839130099366333e-01
2.969178105021188507e-01
2.905473631009581337e-01
2.880955390254476556e-01
2.876413668944686752e-01
2.882123328294848852e-01
2.905118517375619991e-01
2.928188973852406951e-01
2.959270128362797014e-01
3.026572621927705597e-01
3.102858502362805249e-01
3.163624402791819779e-01
3.222174224916513618e-01
3.264957901009725716e-01
3.282165588113373778e-01
3.259622511973634396e-01
3.224851605456491299e-01
3.158506805405402185e-01
3.085023420128445437e-01
3.041185360516802660e-01
2.992843371637347594e-01
2.949728738570681630e-01
2.980396348393791195e-01
3.015362453468244941e-01
3.119179599338305908e-01
3.105130336587109685e-01
3.188368965527501042e-01
3.190348737993279338e-01
3.226392455792377323e-01
3.179125746270873853e-01
3.153345320476653169e-01
3.158119495127707510e-01
3.144442091890747304e-01
3.151779936128663584e-01
3.146185044201713077e-01
3.175454399152830010e-01
3.159409951739486355e-01
3.160718472600669848e-01
3.087351942677312167e-01
3.012031551510575000e-01
2.896107976920122007e-01
2.847429143392629092e-01
2.864582744010023552e-01
2.895966335227996291e-01
3.042254220780943874e-01
3.150979579214006621e-01
3.361577419502539965e-01
3.394037873885822343e-01
3.480643881016090013e-01
3.437383548005721878e-01
3.379642772048948030e-01
3.320772264356326442e-01
3.230422609158873359e-01
3.185988226595339867e-01
3.108795440501599394e-01
3.028248944096848527e-01
2.920083602146092416e-01
2.867793339634704397e-01
2.870995791966053923e-01
2.934713118783306429e-01
3.052941012455970271e-01
3.185223452647222842e-01
3.368420250795202131e-01
3.434089480122230476e-01
3.522186749396619687e-01
3.443556112264503088e-01
3.369135896807416430e-01
3.282293693718399963e-01
3.198420367349871785e-01
3.129470431802873209e-01
3.056819430921063341e-01
2.998912098630711065e-01
2.943913642629202854e-01
2.999135857487451595e-01
3.097123662029268587e-01
3.210171110001448502e-01
3.352392908601034560e-01
3.388534174673586419e-01
3.454461694818126705e-01
3.376531493534640771e-01
3.321225729300145701e-01
3.269930834486098892e-01
3.195045938126602758e-01
3.133831196591835289e-01
3.044888086260389426e-01
3.014509733797229307e-01
3.014573937355823352e-01
3.098812925264871621e-01
3.185937141779262016e-01
3.283368379144719906e-01
3.382165797478322022e-01
3.371365848508057761e-01
3.355198056993630162e-01
3.273738289076366104e-01
3.196651065321973739e-01
3.127296464544227494e-01
3.060950899883952969e-01
3.065204001267052836e-01
3.081517639585114043e-01
3.181895434889381313e-01
3.280114983784586657e-01
3.314089132580316233e-01
3.346577378181799789e-01
3.299821774371301530e-01
3.271202253667422344e-01
3.213416706673005718e-01
3.163593514515759542e-01
3.167063281571871336e-01
3.180458132070779209e-01
3.224945161261191795e-01
3.264164792183097963e-01
3.297187935550078830e-01
3.319391550738159391e-01
