0.000000000000000000e+00
9.107776577366166748e-05
3.643110062512278091e-04
8.196997498544078553e-04
1.457244025004911236e-03
2.276943774859319092e-03
3.278799056261050282e-03
4.462809869210104807e-03
5.828976156863063807e-03
7.377297976063346141e-03
9.107775355232661241e-03
1.102040823752759025e-02
1.311519667979155201e-02
1.539214065360283712e-02
1.785124018738315499e-02
2.049249530955421505e-02
2.331590596327259846e-02
2.632147223380343348e-02
2.950919406430330127e-02
3.287907154003733012e-02
3.643110463258381060e-02
4.016529334194274270e-02
4.408163769653583586e-02
4.818013769636309007e-02
5.246079336984621477e-02
5.692360474540691939e-02
6.156857182304520393e-02
6.639569460276106838e-02
7.140497314139793161e-02
7.659640741053408419e-02
8.196999746701294498e-02
8.752574331083451398e-02
9.326364497042050061e-02
9.918370247419261432e-02
1.052859158221508551e-01
1.115702850427169324e-01
1.180368101358908461e-01
1.246854911585160153e-01
1.315163281390141492e-01
1.385293210773852479e-01
1.457244700020510209e-01
1.531017749698548869e-01
1.606612359523751365e-01
1.684028530348768982e-01
1.763266261889384623e-01
1.844325554714032478e-01
1.927206409106929641e-01
2.011908825352293206e-01
2.098432803734340268e-01
2.186778344537287921e-01
2.276945448045353260e-01
2.368934114542753377e-01
2.462744344597922463e-01
2.558376138495077612e-01
2.655829496234218823e-01
2.755104418383780285e-01
2.856200905512196186e-01
2.959118957619466528e-01
3.063858575274025497e-01
3.170419758475873095e-01
3.278802508077660605e-01
3.389006824647822214e-01
3.501032707902140828e-01
3.614880158409050637e-01
3.730549177021202922e-01
3.848039763738597685e-01
3.967351919129669113e-01
4.088485643478634302e-01
4.211440937353927438e-01
4.336217801039765618e-01
4.462816235104583029e-01
4.591236240116813860e-01
4.721477816360675206e-01
4.853540964120384160e-01
4.987425684248592006e-01
5.123131977029515838e-01
5.260659843031589844e-01
5.400009282254814025e-01
5.541180296120273852e-01
5.684172884343752230e-01
5.828987047493683349e-01
5.975622786706935585e-01
6.124080101699291845e-01
6.274358993607620505e-01
6.426459462716138660e-01
6.580381509309063404e-01
6.736125134523263114e-01
6.893690338358737790e-01
7.053077121668138716e-01
7.214285485019900079e-01
7.377315428698238975e-01
7.542166953555806685e-01
7.708840060161037400e-01
7.877334749082365306e-01
8.047651020888224593e-01
8.219788876147049450e-01
8.393748315427274065e-01
8.569529339581549721e-01
8.747131948894093512e-01
8.926556144217556721e-01
9.107801926404590631e-01
9.290869295455195243e-01
9.475758252506238932e-01
9.662468797841938795e-01
9.851000932599163207e-01
1.004135465734634636e+00
1.023352997236770534e+00
1.042752687880010853e+00
1.062334537721199013e+00
1.082098546817178431e+00
1.102044715224792526e+00
1.122173043029306427e+00
1.142483530315985263e+00
1.162976177141672451e+00
1.183650983591633121e+00
1.204507949722710691e+00
1.225547075620170290e+00
1.246768361340855336e+00
1.268171806998452666e+00
1.289757412621383992e+00
1.311525178323336149e+00
1.333475104132730849e+00
1.355607190191676636e+00
1.377921436557016932e+00
1.400417843285595154e+00
1.423096410462676431e+00
1.445957138173525891e+00
1.469000026474986953e+00
1.492225075509168164e+00
1.515632285332912943e+00
1.539221656003064709e+00
1.562993187604888590e+00
1.586946880252071423e+00
1.611082734029878338e+00
1.635400748995152753e+00
1.659900925233159796e+00
1.684583262857586305e+00
1.709447761925275699e+00
1.734494422549914816e+00
1.759723244816768783e+00
1.785134228811102730e+00
1.810727374618181784e+00
1.836502682351692783e+00
1.862460152040057437e+00
1.888599783853806002e+00
1.914921577821360188e+00
1.941425534084828541e+00
1.968111652701054481e+00
