3.353522517118130430e-01
3.364948478389198083e-01
3.385876859398982419e-01
3.383953150041031921e-01
3.413867606428360180e-01
3.435392256669946853e-01
3.383309527293288932e-01
3.368973336276251396e-01
3.380043529509040856e-01
3.375860582524979892e-01
3.345339681133962517e-01
3.322117441272640082e-01
3.330104739145678949e-01
3.329718686114293003e-01
3.362306151185366909e-01
3.364920786014142795e-01
3.355230282604642067e-01
3.356933997240213463e-01
3.342596387414207282e-01
3.359513753016241111e-01
3.330573608492856108e-01
3.299994305385944293e-01
3.269235177473138743e-01
3.254747011952125457e-01
3.299379985844369534e-01
3.303672670218753549e-01
3.277551320568791171e-01
3.265620365167929418e-01
3.307474564607989498e-01
3.258482055773796460e-01
3.289824487820871002e-01
3.291444111640459691e-01
3.344756889641503639e-01
3.364669201883809802e-01
3.422019114790844085e-01
3.461749212206032822e-01
3.534385127475003219e-01
3.610139341384341338e-01
3.612307325563338667e-01
3.654954495232399792e-01
3.671138059808697895e-01
3.703459453193905793e-01
3.740144375173753422e-01
3.806960562662808356e-01
3.804496630350575059e-01
3.796928733308230219e-01
3.836259064518470763e-01
3.810929899293258871e-01
3.836034097263076315e-01
3.819210621067459788e-01
3.857715844265141580e-01
3.783704879561448076e-01
3.704554513176920860e-01
3.584255499498112396e-01
3.359364152527783975e-01
3.214534756828628104e-01
3.055108323659829206e-01
2.967759909933826989e-01
2.922142022467095201e-01
2.828401206247090904e-01
3.002778541499431797e-01
3.003066514200479764e-01
3.150598549195827713e-01
3.155502000436068988e-01
3.337325708904069765e-01
3.502305845029423104e-01
3.616268199486571966e-01
3.742718936790501161e-01
3.839360212494007385e-01
3.932284239497547129e-01
3.973564792594372896e-01
3.945753359856249420e-01
3.909802644828550555e-01
3.802738184205717298e-01
3.711202639032534223e-01
3.637932098700396022e-01
3.399224943856098968e-01
3.241619330123056142e-01
3.064158395686248926e-01
3.004101555830151482e-01
3.040415268522960179e-01
2.914612373045762372e-01
3.112806542127632414e-01
3.079086132828092182e-01
3.290586507288335572e-01
3.445549713630082778e-01
3.600044297446231556e-01
3.701316429317533796e-01
3.735167324623522855e-01
3.730005295827126255e-01
3.768292099796192174e-01
3.789525235894916078e-01
3.663430485266948033e-01
3.618849062595644872e-01
3.439887816299379564e-01
3.345688998606411446e-01
3.218277658287901910e-01
3.156786407936347238e-01
3.262814590619997901e-01
3.101667470990503994e-01
3.242697824132603768e-01
3.319701874917795337e-01
3.427958361255303843e-01
3.531298489988125566e-01
3.621750076293739906e-01
3.687958559297753736e-01
3.730704004824860198e-01
3.804178747226942825e-01
3.622338080146270678e-01
3.538914335263238509e-01
3.408450223761862463e-01
3.251741407905282544e-01
3.249311799680485446e-01
3.097927695447150187e-01
3.221708748918747922e-01
3.312089558505514897e-01
3.415184634109922901e-01
3.529436269569695139e-01
3.646690747674721789e-01
3.720175798393334232e-01
3.652178515488099797e-01
3.666224519934381254e-01
3.499433363985629541e-01
3.397871911956933944e-01
3.278381706703328846e-01
3.146479317334016645e-01
3.244518073338507613e-01
3.257212782324278022e-01
3.397219063803169625e-01
3.487819746206749505e-01
3.568201662482630154e-01
3.658843892253086927e-01
3.587516994840878048e-01
3.600659066136926434e-01
3.443340294637732835e-01
3.317045198604733347e-01
3.314526982908309050e-01
3.263338504943497642e-01
3.375718658019183915e-01
3.416828950284249711e-01
3.513855845425753466e-01
3.572833087463958557e-01
3.522372864725941688e-01
3.527927362582336523e-01
3.454906576213452318e-01
3.389273767490478817e-01
3.345243873896300291e-01
3.283499050990490442e-01
