0.000000000000000000e+00
5.304999999999999820e-03
1.060999999999999964e-02
1.591499999999999859e-02
2.121999999999999928e-02
2.652499999999999997e-02
3.182999999999999718e-02
3.713500000000000134e-02
4.243999999999999856e-02
4.774499999999999578e-02
5.304999999999999993e-02
5.835499999999999715e-02
6.365999999999999437e-02
6.896499999999999853e-02
7.427000000000000268e-02
7.957499999999999296e-02
8.487999999999999712e-02
9.018500000000000127e-02
9.548999999999999155e-02
1.007949999999999957e-01
1.060999999999999999e-01
1.114049999999999901e-01
1.167099999999999943e-01
1.220149999999999985e-01
1.273199999999999887e-01
1.326249999999999929e-01
1.379299999999999971e-01
1.432350000000000012e-01
1.485400000000000054e-01
1.538449999999999818e-01
1.591499999999999859e-01
1.644549999999999901e-01
1.697599999999999942e-01
1.750649999999999984e-01
1.803700000000000025e-01
1.856750000000000067e-01
1.909799999999999831e-01
1.962849999999999873e-01
2.015899999999999914e-01
2.068949999999999956e-01
2.121999999999999997e-01
2.175050000000000039e-01
2.228099999999999803e-01
2.281149999999999844e-01
2.334199999999999886e-01
2.387249999999999928e-01
2.440299999999999969e-01
2.493350000000000011e-01
2.546399999999999775e-01
2.599449999999999816e-01
2.652499999999999858e-01
2.705549999999999899e-01
2.758599999999999941e-01
2.811649999999999983e-01
2.864700000000000024e-01
2.917750000000000066e-01
2.970800000000000107e-01
3.023850000000000149e-01
3.076899999999999635e-01
3.129949999999999677e-01
3.182999999999999718e-01
3.236049999999999760e-01
3.289099999999999802e-01
3.342149999999999843e-01
3.395199999999999885e-01
3.448249999999999926e-01
3.501299999999999968e-01
3.554350000000000009e-01
3.607400000000000051e-01
3.660450000000000093e-01
3.713500000000000134e-01
3.766549999999999621e-01
3.819599999999999662e-01
3.872649999999999704e-01
3.925699999999999745e-01
3.978749999999999787e-01
4.031799999999999828e-01
4.084849999999999870e-01
4.137899999999999912e-01
4.190949999999999953e-01
4.243999999999999995e-01
4.297050000000000036e-01
4.350100000000000078e-01
4.403150000000000119e-01
4.456199999999999606e-01
4.509249999999999647e-01
4.562299999999999689e-01
4.615349999999999731e-01
4.668399999999999772e-01
4.721449999999999814e-01
4.774499999999999855e-01
4.827549999999999897e-01
4.880599999999999938e-01
4.933649999999999980e-01
4.986700000000000021e-01
5.039749999999999508e-01
5.092799999999999550e-01
5.145849999999999591e-01
5.198899999999999633e-01
5.251949999999999674e-01
5.304999999999999716e-01
5.358049999999999757e-01
5.411099999999999799e-01
5.464149999999999840e-01
5.517199999999999882e-01
5.570249999999999924e-01
5.623299999999999965e-01
5.676350000000000007e-01
5.729400000000000048e-01
5.782450000000000090e-01
5.835500000000000131e-01
5.888550000000000173e-01
5.941600000000000215e-01
5.994650000000000256e-01
6.047700000000000298e-01
6.100750000000000339e-01
6.153799999999999271e-01
6.206849999999999312e-01
6.259899999999999354e-01
6.312949999999999395e-01
6.365999999999999437e-01
6.419049999999999478e-01
6.472099999999999520e-01
6.525149999999999562e-01
6.578199999999999603e-01
6.631249999999999645e-01
6.684299999999999686e-01
6.737349999999999728e-01
6.790399999999999769e-01
6.843449999999999811e-01
6.896499999999999853e-01
6.949549999999999894e-01
7.002599999999999936e-01
7.055649999999999977e-01
7.108700000000000019e-01
7.161750000000000060e-01
7.214800000000000102e-01
7.267850000000000144e-01
7.320900000000000185e-01
7.373950000000000227e-01
7.427000000000000268e-01
7.480049999999999200e-01
7.533099999999999241e-01
7.586149999999999283e-01
7.639199999999999324e-01
7.692249999999999366e-01
7.745299999999999407e-01
7.798349999999999449e-01
